<?xml version="1.0" standalone="no"?>
<!DOCTYPE svg PUBLIC "-//W3C//DTD SVG 20010904//EN"
 "http://www.w3.org/TR/2001/REC-SVG-20010904/DTD/svg10.dtd">
<svg version="1.0" xmlns="http://www.w3.org/2000/svg"
 width="192.000000pt" height="192.000000pt" viewBox="0 0 192.000000 192.000000"
 preserveAspectRatio="xMidYMid meet">
<metadata>
Created by potrace 1.15, written by Peter Selinger 2001-2017
</metadata>
<g transform="translate(0.000000,192.000000) scale(0.100000,-0.100000)"
fill="#000000" stroke="none">
<path d="M705 1890 c-259 -68 -492 -260 -617 -510 -42 -85 -68 -168 -73 -235
l-5 -60 19 75 c74 294 241 512 491 640 25 12 53 27 64 32 30 16 114 39 206 59
80 16 82 17 35 18 -27 0 -81 -8 -120 -19z"/>
<path d="M1130 1891 c113 -24 172 -45 263 -91 116 -58 230 -152 307 -252 100
-129 155 -250 191 -418 l18 -85 -4 70 c-11 171 -114 371 -272 529 -146 145
-357 252 -518 261 l-70 4 85 -18z"/>
<path d="M760 1851 c-341 -80 -607 -338 -688 -666 -21 -87 -29 -181 -12 -155
5 8 10 30 10 49 0 83 83 302 146 388 119 161 228 248 404 320 200 82 447 86
656 10 231 -84 437 -290 521 -521 54 -150 70 -362 37 -509 -75 -336 -309 -581
-649 -678 -104 -30 -333 -33 -435 -5 -183 49 -300 115 -426 240 -163 163 -244
343 -260 579 -4 53 -11 97 -16 97 -6 0 -7 -38 -3 -97 17 -240 107 -435 277
-599 128 -125 236 -186 418 -235 109 -31 322 -30 440 1 339 88 595 352 671
692 34 155 23 358 -28 493 -100 268 -298 466 -568 568 -131 49 -350 62 -495
28z"/>
<path d="M747 1113 c-11 -11 -8 -213 3 -213 6 0 11 24 11 53 2 66 6 46 14 -65
5 -67 12 -94 28 -114 19 -25 21 -26 34 -8 11 15 25 18 91 15 54 -1 86 2 106
13 29 14 29 14 45 -17 9 -18 25 -33 37 -35 18 -3 22 -16 37 -124 18 -128 28
-151 61 -146 33 5 45 46 61 200 17 169 18 206 6 193 -5 -6 -14 -71 -20 -145
-12 -136 -27 -226 -40 -234 -19 -12 -33 18 -42 85 -5 41 -15 101 -22 134 -11
54 -15 60 -37 60 -23 0 -25 4 -28 58 -2 42 -7 57 -17 57 -10 0 -15 -10 -15
-27 0 -21 -7 -31 -27 -40 -33 -16 -149 -17 -159 -2 -4 7 -15 1 -29 -17 -22
-28 -22 -28 -33 -7 -7 12 -16 74 -22 139 -16 184 -22 209 -43 187z"/>
<path d="M738 870 c-3 -14 -11 -78 -16 -143 -10 -115 -19 -146 -40 -133 -6 3
-16 40 -23 82 -10 64 -15 77 -36 85 -12 4 -23 15 -23 23 0 8 -5 27 -10 42 -10
26 -11 26 -30 9 -15 -14 -23 -15 -33 -6 -11 8 -18 6 -32 -9 -15 -16 -31 -20
-88 -20 -64 0 -69 1 -64 20 6 24 -8 27 -17 4 -12 -31 13 -44 84 -44 53 0 70 4
84 19 11 12 25 17 38 13 11 -3 24 1 29 9 6 10 10 5 15 -19 4 -18 17 -41 31
-52 17 -13 27 -35 35 -81 6 -36 19 -70 30 -81 20 -20 21 -20 39 -2 14 14 21
45 29 119 12 105 10 213 -2 165z"/>
</g>
</svg>
